O 1001 0001 Hammer 10 15.00
P 1001 0002 500.00
O 1001 0015 Drill 5 45.00
P 1001 0016 250.00
O 1001 0029 Ladders 2 99.00
P 1001 0030 400.00
O 1002 0003 Nails 50 0.10
P 1002 0004 200.00
O 1002 0017 Paint 25 19.99
P 1002 0018 100.00
O 1003 0005 Screwdriver 15 5.00
P 1003 0006 300.00
O 1003 0019 Drill 3 35
P 1003 0020 120.00
P 1008 0029 246.45
O 1004 0007 Paint 30 17.50
P 1004 0008 400.00
O 1004 0021 Varnish 10 22.00
P 1004 0022 180.00
O 1005 0009 Brushes 20 3.50
P 1005 0010 100.00
O 1005 0023 Roller 15 4.50
P 1005 0024 50.00
O 1009 0011 Wood 40 22.50
O 1006 0011 Wood 40 22.50
P 1006 0012 850.00
O 1006 0025 Sandpaper 50 1.25
P 1006 0026 100.00
O 1007 0013 Screws 100 0.05
P 1007 0014 150.00
O 1007 0027 Nails 200 0.10
P 1007 0028 230.00
